5.298317366548036311e+00
5.298317366548036311e+00
5.298317366548036311e+00
4.700036292457356324e-01
5.298317366548036311e+00
5.298317366548036311e+00
5.298317366548036311e+00
5.298317366548036311e+00
5.298317366548036311e+00
5.298317366548036311e+00
1.526056303495049171e+00
5.298317366548036311e+00
5.298317366548036311e+00
5.298317366548036311e+00
5.298317366548036311e+00
5.298317366548036311e+00
5.298317366548036311e+00
5.298317366548036311e+00
5.298317366548036311e+00
5.298317366548036311e+00
5.298317366548036311e+00
5.298317366548036311e+00
5.298317366548036311e+00
5.298317366548036311e+00
4.488636369732139642e+00
5.298317366548036311e+00
5.298317366548036311e+00
5.298317366548036311e+00
5.298317366548036311e+00
5.298317366548036311e+00
6.931471805599452862e-01
5.298317366548036311e+00
5.298317366548036311e+00
5.298317366548036311e+00
5.298317366548036311e+00
5.298317366548036311e+00
5.306282510621703752e-01
9.162907318741551066e-01
-2.231435513142097093e-01
5.298317366548036311e+00
5.298317366548036311e+00
1.280933845462064236e+00
1.410986973710262049e+00
5.298317366548036311e+00
3.364722366212128390e-01
5.877866649021190604e-01
5.298317366548036311e+00
5.298317366548036311e+00
5.298317366548036311e+00
1.098612288668109782e+00
5.298317366548036311e+00
8.754687373538998507e-01
5.298317366548036311e+00
5.298317366548036311e+00
5.298317366548036311e+00
4.054651081081643849e-01
1.871802176901591341e+00
5.298317366548036311e+00
5.298317366548036311e+00
7.884573603642702766e-01
5.298317366548036311e+00
5.298317366548036311e+00
5.298317366548036311e+00
9.531017980432493486e-02
-2.231435513142097093e-01
5.298317366548036311e+00
9.531017980432493486e-02
9.531017980432493486e-02
0.000000000000000000e+00
5.298317366548036311e+00
1.974081026022009633e+00
1.098612288668109782e+00
5.298317366548036311e+00
5.298317366548036311e+00
5.298317366548036311e+00
1.824549292051045990e+00
5.298317366548036311e+00
1.223775431622115661e+00
1.193922468472434550e+00
5.298317366548036311e+00
5.298317366548036311e+00
5.298317366548036311e+00
5.298317366548036311e+00
5.298317366548036311e+00
5.298317366548036311e+00
5.298317366548036311e+00
5.298317366548036311e+00
1.987874348154345494e+00
1.481604540924215563e+00
0.000000000000000000e+00
5.298317366548036311e+00
5.298317366548036311e+00
1.360976553135600620e+00
5.298317366548036311e+00
-2.231435513142097093e-01
2.302585092994045901e+00
-1.053605156578262814e-01
5.298317366548036311e+00
3.364722366212128390e-01
1.960094784047269778e+00
5.298317366548036311e+00
5.306282510621703752e-01
1.568615917913845248e+00
5.298317366548036311e+00
3.364722366212128390e-01
5.877866649021190604e-01
5.298317366548036311e+00
1.280933845462064236e+00
5.298317366548036311e+00
5.298317366548036311e+00
-6.931471805599452862e-01
5.298317366548036311e+00
5.298317366548036311e+00
-1.053605156578262814e-01
0.000000000000000000e+00
5.298317366548036311e+00
5.298317366548036311e+00
5.298317366548036311e+00
1.887069649032379726e+00
5.298317366548036311e+00
-1.053605156578262814e-01
1.410986973710262049e+00
5.298317366548036311e+00
2.623642644674910596e-01
5.298317366548036311e+00
9.531017980432493486e-02
2.772588722239781145e+00
5.298317366548036311e+00
1.386294361119890572e+00
2.041220328859638222e+00
2.054123733695546239e+00
5.298317366548036311e+00
1.609437912434100282e+00
0.000000000000000000e+00
5.298317366548036311e+00
5.298317366548036311e+00
5.298317366548036311e+00
9.531017980432493486e-02
5.298317366548036311e+00
5.298317366548036311e+00
5.298317366548036311e+00
5.298317366548036311e+00
3.058707072715379560e+00
5.298317366548036311e+00
2.116255514802552362e+00
5.298317366548036311e+00
5.298317366548036311e+00
1.458615022699516706e+00
1.774952350911673804e+00
5.298317366548036311e+00
1.223775431622115661e+00
5.298317366548036311e+00
5.298317366548036311e+00
5.298317366548036311e+00
5.298317366548036311e+00
5.298317366548036311e+00
1.410986973710262049e+00
5.298317366548036311e+00
1.386294361119890572e+00
1.504077396776274167e+00
1.280933845462064236e+00
5.298317366548036311e+00
5.298317366548036311e+00
5.298317366548036311e+00
1.223775431622115661e+00
7.884573603642702766e-01
3.583518938456109915e+00
5.298317366548036311e+00
1.823215567939545922e-01
5.298317366548036311e+00
3.135494215929149675e+00
1.029619417181158125e+00
3.364722366212128390e-01
1.098612288668109782e+00
5.298317366548036311e+00
5.298317366548036311e+00
2.151762203259461881e+00
9.531017980432493486e-02
9.531017980432493486e-02
1.974081026022009633e+00
0.000000000000000000e+00
-1.053605156578262814e-01
2.708050201102210064e+00
2.128231705849267907e+00
5.298317366548036311e+00
5.298317366548036311e+00
5.298317366548036311e+00
2.623642644674910596e-01
5.298317366548036311e+00
5.298317366548036311e+00
5.298317366548036311e+00
4.700036292457356324e-01
-1.053605156578262814e-01
5.298317366548036311e+00
5.298317366548036311e+00
1.252762968495368057e+00
2.014903020542264667e+00
5.298317366548036311e+00
1.686398953570228842e+00
5.298317366548036311e+00
-1.053605156578262814e-01
5.298317366548036311e+00
6.931471805599452862e-01
1.280933845462064236e+00
4.158883083359671495e+00
3.364722366212128390e-01
5.298317366548036311e+00
-2.231435513142097093e-01
5.298317366548036311e+00
3.091042453358316067e+00
1.435084525289322732e+00
7.884573603642702766e-01
5.298317366548036311e+00
5.298317366548036311e+00
1.252762968495368057e+00
5.298317366548036311e+00
5.298317366548036311e+00
5.298317366548036311e+00
4.054651081081643849e-01
5.298317366548036311e+00
-2.231435513142097093e-01
3.401197381662155461e+00
5.298317366548036311e+00
1.131402111491100593e+00
5.298317366548036311e+00
7.419373447293773349e-01
5.298317366548036311e+00
4.700036292457356324e-01
5.298317366548036311e+00
5.298317366548036311e+00
5.298317366548036311e+00
5.298317366548036311e+00
5.298317366548036311e+00
5.298317366548036311e+00
9.555114450274363458e-01
5.298317366548036311e+00
5.298317366548036311e+00
5.298317366548036311e+00
4.700036292457356324e-01
4.961445049905484517e+00
4.881285622068406660e+00
5.298317366548036311e+00
7.884573603642702766e-01
1.131402111491100593e+00
1.223775431622115661e+00
5.298317366548036311e+00
2.174751721484160960e+00
-3.566749439387324472e-01
0.000000000000000000e+00
0.000000000000000000e+00
5.298317366548036311e+00
1.568615917913845248e+00
5.298317366548036311e+00
5.298317366548036311e+00
1.163150809805680863e+00
5.035653057071543870e+00
9.162907318741551066e-01
4.973279507552486933e+00
4.961445049905484517e+00
5.298317366548036311e+00
5.061328408411774227e+00
5.298317366548036311e+00
4.737951297221909996e+00
5.298317366548036311e+00
5.298317366548036311e+00
1.223775431622115661e+00
4.985659308026078484e+00
5.298317366548036311e+00
5.298317366548036311e+00
-1.053605156578262814e-01
4.961445049905484517e+00
2.302585092994045901e+00
1.481604540924215563e+00
5.298317366548036311e+00
2.623642644674910596e-01
5.298317366548036311e+00
4.848900370910689261e+00
5.298317366548036311e+00
5.298317366548036311e+00
1.252762968495368057e+00
5.298317366548036311e+00
5.298317366548036311e+00
1.360976553135600620e+00
1.609437912434100282e+00
5.298317366548036311e+00
5.298317366548036311e+00
2.091864061678393227e+00
5.298317366548036311e+00
5.298317366548036311e+00
4.054651081081643849e-01
1.740466174840504587e+00
2.302585092994045901e+00
5.298317366548036311e+00
-3.566749439387324472e-01
3.364722366212128390e-01
9.531017980432493486e-02
-2.231435513142097093e-01
1.823215567939545922e-01
9.531017980432493486e-02
9.531017980432493486e-02
1.547562508716012974e+00
9.531017980432493486e-02
0.000000000000000000e+00
6.931471805599452862e-01
-1.053605156578262814e-01
6.931471805599452862e-01
1.823215567939545922e-01
2.623642644674910596e-01
2.623642644674910596e-01
1.547562508716012974e+00
9.531017980432493486e-02
9.531017980432493486e-02
5.298317366548036311e+00
5.298317366548036311e+00
5.306282510621703752e-01
5.298317366548036311e+00
0.000000000000000000e+00
1.823215567939545922e-01
2.623642644674910596e-01
9.531017980432493486e-02
-1.053605156578262814e-01
1.823215567939545922e-01
0.000000000000000000e+00
1.823215567939545922e-01
-1.053605156578262814e-01
7.419373447293773349e-01
2.623642644674910596e-01
5.298317366548036311e+00
5.298317366548036311e+00
5.298317366548036311e+00
-3.566749439387324472e-01
5.298317366548036311e+00
6.931471805599452862e-01
1.098612288668109782e+00
5.298317366548036311e+00
5.298317366548036311e+00
5.298317366548036311e+00
9.531017980432493486e-02
2.525728644308255610e+00
9.555114450274363458e-01
1.252762968495368057e+00
3.086486636822455054e+00
3.364722366212128390e-01
5.298317366548036311e+00
5.298317366548036311e+00
5.298317366548036311e+00
2.272125885509336918e+00
2.197224577336219564e+00
1.840549633397486895e+00
-2.231435513142097093e-01
0.000000000000000000e+00
0.000000000000000000e+00
2.272125885509336918e+00
4.700036292457356324e-01
4.700036292457356324e-01
5.298317366548036311e+00
5.298317366548036311e+00
5.298317366548036311e+00
5.298317366548036311e+00
5.298317366548036311e+00
2.856470206220483199e+00
0.000000000000000000e+00
8.329091229351038850e-01
-3.566749439387324472e-01
5.298317366548036311e+00
-1.053605156578262814e-01
8.754687373538998507e-01
2.727852828398389828e+00
5.298317366548036311e+00
5.298317366548036311e+00
5.298317366548036311e+00
5.298317366548036311e+00
2.360854001118021461e+00
0.000000000000000000e+00
5.298317366548036311e+00
1.823215567939545922e-01
-3.566749439387324472e-01
-3.566749439387324472e-01
2.292534757140544333e+00
5.298317366548036311e+00
5.298317366548036311e+00
5.298317366548036311e+00
3.364722366212128390e-01
5.298317366548036311e+00
2.484906649788000355e+00
5.298317366548036311e+00
9.531017980432493486e-02
1.823215567939545922e-01
9.531017980432493486e-02
5.298317366548036311e+00
5.298317366548036311e+00
5.298317366548036311e+00
1.945910149055313232e+00
2.054123733695546239e+00
1.029619417181158125e+00
5.298317366548036311e+00
5.298317366548036311e+00
1.435084525289322732e+00
5.298317366548036311e+00
5.298317366548036311e+00
5.298317366548036311e+00
5.298317366548036311e+00
2.104134154270207446e+00
-2.231435513142097093e-01
3.737669618283368411e+00
-3.566749439387324472e-01
-2.231435513142097093e-01
-1.053605156578262814e-01
5.298317366548036311e+00
5.298317366548036311e+00
-2.231435513142097093e-01
5.298317366548036311e+00
5.298317366548036311e+00
5.298317366548036311e+00
2.564949357461536739e+00
5.306282510621703752e-01
5.298317366548036311e+00
5.298317366548036311e+00
5.298317366548036311e+00
0.000000000000000000e+00
-5.108256237659907217e-01
5.298317366548036311e+00
5.298317366548036311e+00
5.298317366548036311e+00
5.298317366548036311e+00
5.298317366548036311e+00
0.000000000000000000e+00
9.531017980432493486e-02
5.298317366548036311e+00
1.871802176901591341e+00
5.298317366548036311e+00
5.298317366548036311e+00
5.298317366548036311e+00
5.298317366548036311e+00
1.686398953570228842e+00
5.298317366548036311e+00
5.298317366548036311e+00
2.833213344056216165e+00
5.298317366548036311e+00
5.298317366548036311e+00
-3.566749439387324472e-01
9.162907318741551066e-01
-3.566749439387324472e-01
2.261763098473790645e+00
-2.231435513142097093e-01
5.298317366548036311e+00
5.298317366548036311e+00
-2.231435513142097093e-01
0.000000000000000000e+00
5.298317366548036311e+00
5.298317366548036311e+00
-1.053605156578262814e-01
-2.231435513142097093e-01
4.054651081081643849e-01
5.298317366548036311e+00
2.708050201102210064e+00
-2.231435513142097093e-01
1.629240539730280046e+00
-2.231435513142097093e-01
-2.231435513142097093e-01
2.001480000210124288e+00
1.823215567939545922e-01
0.000000000000000000e+00
-1.053605156578262814e-01
5.298317366548036311e+00
1.029619417181158125e+00
-2.231435513142097093e-01
5.298317366548036311e+00
5.298317366548036311e+00
5.298317366548036311e+00
-1.053605156578262814e-01
5.298317366548036311e+00
0.000000000000000000e+00
5.298317366548036311e+00
-1.053605156578262814e-01
5.298317366548036311e+00
-5.108256237659907217e-01
9.531017980432493486e-02
5.298317366548036311e+00
-1.053605156578262814e-01
5.298317366548036311e+00
5.298317366548036311e+00
5.298317366548036311e+00
5.298317366548036311e+00
5.298317366548036311e+00
5.298317366548036311e+00
5.298317366548036311e+00
5.298317366548036311e+00
5.298317366548036311e+00
5.298317366548036311e+00
5.298317366548036311e+00
5.298317366548036311e+00
5.298317366548036311e+00
5.298317366548036311e+00
5.298317366548036311e+00
5.298317366548036311e+00
5.298317366548036311e+00
5.298317366548036311e+00
5.298317366548036311e+00
5.298317366548036311e+00
5.298317366548036311e+00
5.298317366548036311e+00
5.298317366548036311e+00
5.298317366548036311e+00
5.298317366548036311e+00
5.298317366548036311e+00
9.531017980432493486e-02
5.298317366548036311e+00
5.298317366548036311e+00
5.298317366548036311e+00
-1.053605156578262814e-01
9.531017980432493486e-02
5.298317366548036311e+00
5.298317366548036311e+00
5.298317366548036311e+00
5.298317366548036311e+00
5.298317366548036311e+00
5.298317366548036311e+00
5.298317366548036311e+00
5.298317366548036311e+00
5.298317366548036311e+00
5.298317366548036311e+00
5.298317366548036311e+00
-5.108256237659907217e-01
-2.231435513142097093e-01
0.000000000000000000e+00
1.823215567939545922e-01
2.623642644674910596e-01
4.700036292457356324e-01
-2.231435513142097093e-01
1.064710736992428242e+00
1.823215567939545922e-01
-1.053605156578262814e-01
0.000000000000000000e+00
-1.053605156578262814e-01
6.418538861723946942e-01
4.700036292457356324e-01
-2.231435513142097093e-01
-2.231435513142097093e-01
5.298317366548036311e+00
5.298317366548036311e+00
5.298317366548036311e+00
1.823215567939545922e-01
1.823215567939545922e-01
-2.231435513142097093e-01
5.298317366548036311e+00
-2.231435513142097093e-01
1.163150809805680863e+00
-2.231435513142097093e-01
5.298317366548036311e+00
5.306282510621703752e-01
0.000000000000000000e+00
5.298317366548036311e+00
5.298317366548036311e+00
1.791759469228054957e+00
5.298317366548036311e+00
5.306282510621703752e-01
5.298317366548036311e+00
5.298317366548036311e+00
2.564949357461536739e+00
5.298317366548036311e+00
1.280933845462064236e+00
5.172754143572690921e+00
-2.231435513142097093e-01
4.985659308026078484e+00
4.547541073151455393e+00
-5.108256237659907217e-01
-2.231435513142097093e-01
2.623642644674910596e-01
4.973279507552486933e+00
-2.231435513142097093e-01
2.623642644674910596e-01
5.172754143572690921e+00
-3.566749439387324472e-01
1.589235205116581007e+00
2.174751721484160960e+00
-3.566749439387324472e-01
4.700480365792416571e+00
2.708050201102210064e+00
4.870606649492552620e+00
4.655863300303609620e+00
4.547541073151455393e+00
4.973279507552486933e+00
4.710430696645584447e+00
-5.108256237659907217e-01
5.088213428741630295e+00
1.774952350911673804e+00
-1.053605156578262814e-01
-2.231435513142097093e-01
1.987874348154345494e+00
5.298317366548036311e+00
9.531017980432493486e-02
8.329091229351038850e-01
-1.053605156578262814e-01
5.298317366548036311e+00
5.298317366548036311e+00
5.298317366548036311e+00
5.298317366548036311e+00
5.298317366548036311e+00
1.064710736992428242e+00
5.298317366548036311e+00
1.131402111491100593e+00
5.298317366548036311e+00
5.298317366548036311e+00
5.298317366548036311e+00
5.298317366548036311e+00
5.298317366548036311e+00
-2.231435513142097093e-01
5.298317366548036311e+00
5.298317366548036311e+00
5.298317366548036311e+00
5.298317366548036311e+00
-1.053605156578262814e-01
-2.231435513142097093e-01
5.298317366548036311e+00
5.298317366548036311e+00
5.298317366548036311e+00
5.298317366548036311e+00
-2.231435513142097093e-01
2.623642644674910596e-01
-5.108256237659907217e-01
5.298317366548036311e+00
5.298317366548036311e+00
1.308332819650178891e+00
-5.108256237659907217e-01
-3.566749439387324472e-01
5.298317366548036311e+00
-1.053605156578262814e-01
5.298317366548036311e+00
8.754687373538998507e-01
5.298317366548036311e+00
9.932517730102834452e-01
5.298317366548036311e+00
